130.30	132.41	129.21	132.30	131.15		1
134.80	136.49	134.35	136.33	135.14			1
142.75	145.65	142.65	145.11	143.85		1
143.46	147.10	142.96	146.15	144.88		1
144.69	146.55	144.58	145.64	144.37		1
146.35	147.11	145.63	146.14	145.08		1
150.23	151.68	149.09	150.19	149.11		1
148.35	149.12	147.51	147.54	146.47			1
154.97	157.26	154.39	156.69	155.56	1
148.44	148.97	147.22	148.79	147.72	1
145.47	145.96	143.82	145.37	144.32		1
139.47	142.15	138.37	142.00	140.97	1
143.77	144.90	143.51	144.84	143.79		1
149.33	150.84	149.01	149.32	148.24		1
151.58	152.43	150.64	150.96	149.87	1
150.37	151.88	149.43	150.00	149.13	1
160.75	162.14	159.64	161.94	161.01		1
164.29	167.88	164.28	165.32	164.37	1
175.11	179.50	172.31	179.30	178.27		1
177.09	180.42	177.07	180.33	179.29	1
179.61	180.17	174.64	174.92	173.91	1
171.34	173.78	171.09	173.07	172.07		1
163.50	164.39	157.82	159.69	158.77		1
171.68	174.10	170.68	172.39	171.61		1
170.97	172.95	170.25	172.79	172.01		1
163.84	165.12	160.87	164.85	164.11	1
158.82	162.88	155.80	157.44	156.73		1
158.61	161.00	157.63	160.62	159.90		1
172.17	175.73	172.00	175.60	174.81		1
172.36	173.63	170.13	171.83	171.06		1
167.39	171.04	166.77	170.40	169.63		1
163.92	166.60	163.57	165.07	164.33	1
168.76	168.88	166.10	167.23	166.48		1
166.46	167.87	161.50	161.79	161.06		1
162.25	162.34	156.72	156.80	156.09		1
159.25	164.52	158.93	163.64	162.90		1
159.67	166.48	159.26	166.02	165.27		1
156.01	159.44	154.18	157.28	156.80	1
155.52	156.74	152.93	154.51	154.04		1
142.77	146.20	138.80	142.56	142.13		1
145.55	147.52	144.18	145.54	145.10	1
146.85	147.36	139.90	140.82	140.39		1
139.09	140.70	132.61	137.59	137.17		1
140.81	141.97	137.33	140.36	139.93		1
137.39	144.34	137.14	143.78	143.34		1
149.07	150.66	146.84	148.84	148.39		1
147.83	151.27	146.86	151.21	150.75		1
147.03	148.57	144.90	146.14	145.70	1
148.58	149.87	147.46	147.96	147.51		1
140.28	140.76	137.06	137.13	136.71		1
133.13	133.89	131.48	132.76	132.36		1
132.08	132.39	129.04	130.06	129.66		1
133.42	137.06	133.32	135.87	135.46		1
136.82	138.59	135.63	138.27	137.85		1
142.70	143.49	140.97	141.66	141.23		1
137.25	138.37	133.77	136.72	136.30		1
141.35	144.12	141.08	142.92	142.49		1
145.67	146.64	143.78	144.87	144.43		1
144.08	148.95	143.25	148.47	148.02		1
147.92	151.23	146.91	151.00	150.54		1
152.58	157.33	152.16	156.79	156.31		1
160.84	166.59	160.75	166.13	165.62		1
164.02	165.82	163.25	164.92	164.65		1
171.52	173.39	171.35	173.19	172.90		1
173.03	173.74	171.31	171.52	171.24		1
161.15	162.90	159.82	161.38	161.11		1
154.64	156.36	152.68	154.46	154.20		1
149.31	154.56	149.10	154.48	154.22		1
147.64	150.64	144.84	149.84	149.59			1
142.87	147.85	142.65	147.27	147.03		1
125.74	127.04	125.13	126.46	126.46		2
126.96	127.50	126.44	127.00	127.00	2
125.65	125.80	124.76	125.32	125.32		2
129.45	129.88	128.41	129.77	129.77	2
128.94	129.85	128.94	129.57	129.57		2
131.90	133.00	131.90	132.08	132.08		2
131.16	131.25	128.54	129.25	129.25		2
132.65	133.50	132.40	133.33	133.33		2
138.56	139.68	136.35	136.38	136.38		2
135.48	136.02	134.67	135.99	135.99		2
136.03	136.95	135.60	136.94	136.94		2
138.08	138.55	137.23	138.10	138.10		2
138.36	138.67	138.01	138.41	138.41		2
141.54	143.01	141.35	142.40	142.40		2
145.88	146.11	145.00	145.46	145.46		2
144.75	145.82	144.54	145.52	145.52		2
143.20	144.19	142.28	143.46	143.46		2
143.80	144.25	141.06	141.46	141.46	2
139.09	139.61	135.70	136.18	136.18		2
139.80	140.76	138.81	138.85	138.85		2
142.20	142.20	141.06	141.68	141.68	2
142.19	142.85	141.64	142.78	142.78		2
139.90	149.12	139.90	146.43	146.43		2
144.81	146.92	144.64	145.86	145.86		2
149.35	150.57	148.65	149.24	149.24		2
147.11	148.50	146.69	146.75	146.75		2
149.17	149.83	148.35	149.08	149.08		2
150.14	150.74	147.01	147.08	147.08		2
144.30	146.86	144.30	146.11	146.11	2
141.82	144.68	140.98	143.78	143.78		2
148.33	149.16	147.20	148.72	148.72		2
148.44	148.56	146.36	146.70	146.70		2
142.71	144.46	141.79	142.80	142.80		2
144.10	147.30	143.96	146.95	146.95		2
146.43	147.18	145.50	146.50	146.50		2
144.18	144.30	137.52	137.65	137.65			2
138.18	140.33	136.81	140.02	140.02		2
136.60	137.39	135.62	136.29	136.29		2
126.03	130.78	124.64	130.37	130.37		2
130.00	133.37	128.69	133.29	133.29		2
151.86	152.10	145.56	148.04	148.04		2
143.71	143.85	138.70	138.94	138.94		2
138.75	139.28	133.29	134.13	134.13		2
129.99	131.90	127.74	129.40	129.40		2
134.61	135.62	133.43	134.75	134.75		2
127.74	130.52	126.57	129.66	129.66		2
136.50	141.50	136.50	140.28	140.28		2
140.68	141.98	139.83	141.95	141.95	2
140.82	144.04	140.82	143.64	143.64		2
132.90	132.94	129.62	129.80	129.80		2
128.08	130.90	127.45	130.53	130.53		2
125.00	125.45	119.14	119.61	119.61		2
117.58	118.96	114.69	114.97	114.97		2
113.30	115.56	112.55	113.08	113.08		2
115.38	116.61	114.33	114.79	114.79		2
112.09	112.55	106.37	109.31	109.31		2
106.05	108.96	105.49	108.30	108.30		2
115.99	116.36	113.67	114.56	114.56	2
116.34	118.35	114.87	114.92	114.92		2
106.89	108.46	106.35	107.19	107.19		2
111.16	113.77	110.72	112.03	112.03		2
110.50	111.33	107.31	109.37	109.37	2
112.96	114.00	111.82	112.77	112.77		2
107.43	107.74	104.76	105.44	105.44		2
116.34	119.42	116.15	118.78	118.78		2
119.59	121.78	119.36	120.65	120.65		2
116.10	116.50	114.67	115.07	115.07		2
99.30	99.30	96.52	98.09	98.09			2
259.82	263.52	257.92	262.63	259.22		3
266.23	267.25	264.76	265.02	261.58		3
272.82	278.00	272.50	277.65	274.05		3
277.52	282.85	277.39	280.98	277.33		3
278.93	280.37	274.45	277.01	273.41		3
287.37	289.99	286.50	289.67	285.91		3
285.17	286.66	283.91	284.91	281.21		3
286.88	289.63	286.10	289.52	285.76		3
287.21	288.66	285.86	286.95	283.22		3
292.39	293.43	291.08	293.08	289.28		3
305.02	305.65	302.00	302.62	299.26		3
301.12	304.22	301.06	303.59	300.22		3
300.99	302.60	300.26	301.14	297.80		3
298.42	299.92	295.38	295.71	292.43		3
303.76	305.31	300.76	305.22	301.83		3
296.73	300.22	294.51	298.58	295.27		3
289.80	290.78	282.75	283.52	280.38		3
282.12	289.98	281.29	289.10	285.89		3
285.78	293.63	285.51	293.11	289.86		3
294.91	297.28	293.49	296.31	293.02		3
303.57	308.21	302.69	307.29	303.88		3
310.40	311.09	307.80	309.16	305.73		3
316.00	326.10	316.00	323.17	319.59		3
330.31	333.45	330.00	333.13	329.43		3
337.30	337.65	334.44	336.99	333.25		3
333.92	337.23	333.79	336.72	332.98		3
338.94	342.19	338.00	339.12	335.97		3
337.05	339.45	333.56	337.68	334.55		3
335.13	339.28	329.39	330.08	327.02		3
335.31	335.50	330.80	334.97	331.86		3
328.61	335.19	324.50	334.65	331.54		3
328.30	333.61	325.75	333.20	330.11	3
341.30	344.30	339.68	341.95	338.78			3
334.83	335.20	326.12	329.01	325.96		3
302.69	304.11	295.61	296.03	293.28		3
308.95	312.38	306.37	310.98	308.09		3
306.17	307.84	299.90	300.95	298.16		3
303.19	304.29	294.22	295.04	292.30		3
272.51	295.16	271.52	294.59	292.46		3
296.40	299.97	292.15	294.95	292.82		3
288.53	289.69	278.53	278.91	276.89		3
280.34	285.40	275.82	276.44	274.44		3
295.37	301.00	292.73	300.43	298.26		3
305.23	305.50	299.29	303.68	301.48		3
309.37	310.13	305.54	309.42	307.18		3
305.19	307.00	296.71	299.50	297.33		3
288.09	288.31	279.32	279.83	277.81		3
288.58	293.30	280.06	280.81	278.78		3
277.50	278.36	270.00	270.22	268.27	3
277.71	284.94	276.22	284.47	282.41	3
274.81	279.25	271.27	274.73	272.74	3
259.96	265.82	255.78	261.50	259.61		3
255.49	261.50	253.43	260.65	259.37		3
262.27	267.11	261.43	265.90	264.59		3
275.20	277.69	270.04	272.42	271.08	3
272.06	274.18	267.22	268.75	267.43		3
243.86	245.74	241.51	244.49	243.29	3
250.26	254.75	249.51	253.74	252.49		3
257.59	261.97	255.76	260.26	258.98		3
265.12	269.06	265.02	268.40	267.08		3
255.72	260.37	254.77	256.72	255.46	3
265.24	265.33	259.07	260.36	259.08		3
269.75	277.84	267.87	276.41	275.05		3
284.05	285.92	279.32	280.32	278.94		3
291.00	294.18	290.11	293.47	292.03		3
275.41	277.23	275.11	275.79	275.01	3
258.87	260.89	255.41	260.40	259.67		3
260.50	265.23	260.29	264.46	263.72		3
235.41	241.61	234.66	240.74	240.06	3